===============Test 1 
[[505.59817269   0.         315.86549494]
 [  0.         506.50082419 238.34556175]
 [  0.           0.           1.        ]]

===============Test 2

[[512.65421303   0.         314.62348949]
 [  0.         513.34683693 233.93764133]
 [  0.           0.           1.        ]]


===============Test 3

[[520.01080658   0.         309.16843848]
 [  0.         519.40204711 227.87648624]
 [  0.           0.           1.        ]]

===============Test 4

[[516.73954933   0.         317.5929408 ]
 [  0.         517.42714315 226.61183182]
 [  0.           0.           1.        ]]

===============Test 5

[[521.67774167   0.         312.43712371]
 [  0.         522.06617951 224.62398154]
 [  0.           0.           1.        ]]


===============Test 6

 [[510.1209951    0.         314.27865892]
 [  0.         510.93328863 234.51883478]
 [  0.           0.           1.        ]]

################ My parameters #######################

"pitch": 0.488692
"roll": 0.0
"yaw": 0.0

"x": 0.0
"y": 0.0
"z": 0.0

"fx": 505.59817269
"fy": 506.50082419

"u0": 315.86549494
"v0": 238.34556175


